8.59474212753 0.881687951636 -1.69472749564 1.14759573033 -1.97943387574e-05 0.088035009342 -0.0156597940922 -0.10440849023 
0.881687951636 1.84448604441 -0.139515743217 2.42617666655 -1.44547733855e-05 -0.00614489344834 -0.00109503854858 0.0339689092838 
-1.69472749564 -0.139515743217 0.385373985122 0.521309436697 4.44199527577e-06 -0.0148832459312 0.00485910472508 0.0266228944855 
1.14759573033 2.42617666655 0.521309436697 13.6757760638 -9.77560968379e-06 0.0302797156863 0.0241199380977 0.118201291341 
-1.97943387574e-05 -1.44547733855e-05 4.44199527577e-06 -9.77560968379e-06 4.50080375827e-08 -5.87208696451e-08 1.50854322377e-07 -1.27407321305e-07 
0.088035009342 -0.00614489344834 -0.0148832459312 0.0302797156863 -5.87208696451e-08 0.00121873404 -6.90617276289e-05 -0.00109386216034 
-0.0156597940922 -0.00109503854858 0.00485910472508 0.0241199380977 1.50854322377e-07 -6.90617276289e-05 0.000482948475547 5.92284118301e-05 
-0.10440849023 0.0339689092838 0.0266228944855 0.118201291341 -1.27407321305e-07 -0.00109386216034 5.92284118301e-05 0.00359618492636 
