10.7593500131 14.1181086136 -21.2871931192 -1.09172333604 0.00694643691354 0.0159888427078 -0.0258611089404 0.0244815244187 
14.1181086136 19.2867402488 -28.7182897411 -0.739865554885 0.00548255759513 0.00624448107812 -0.0148939951376 0.00874544796238 
-21.2871931192 -28.7182897411 43.1202512542 0.976135910349 -0.00932848029557 -0.015293068228 0.0331293133198 -0.0207721476199 
-1.09172333604 -0.739865554885 0.976135910349 2.35033760928 -0.00622118080664 -0.0162292449178 0.0183512467104 -0.0366030207885 
0.00694643691354 0.00548255759513 -0.00932848029557 -0.00622118080664 7.76275445819e-05 5.23069468941e-05 -0.000180362787125 0.000288901144958 
0.0159888427078 0.00624448107812 -0.015293068228 -0.0162292449178 5.23069468941e-05 0.000410988077865 -0.000250181838374 0.000234947630478 
-0.0258611089404 -0.0148939951376 0.0331293133198 0.0183512467104 -0.000180362787125 -0.000250181838374 0.000881953970926 -0.00120991291744 
0.0244815244187 0.00874544796238 -0.0207721476199 -0.0366030207885 0.000288901144958 0.000234947630478 -0.00120991291744 0.00198254669675 
